N_tot=  62        t=  0.000000  dt=  0.004000  cpu=  0.000000 [s]  Walltime(s) = 0.000000 
N_tot=  62        t=  100.000000  dt=  0.004000  cpu=  5.839785 [s]  Walltime(s) = 5.798994 
